32767
33169
33571
33973
34374
34776
35177
35578
35978
36378
36778
37176
37574
37972
38368
38764
39159
39553
39946
40338
40728
41118
41506
41893
42278
42662
43045
43426
43805
44183
44559
44933
45306
45676
46045
46412
46776
47139
47499
47857
48213
48566
48917
49266
49612
49956
50297
50635
50971
51304
51634
51961
52286
52607
52926
53241
53554
53863
54169
54472
54771
55068
55361
55650
55936
56219
56498
56773
57045
57313
57578
57839
58096
58349
58598
58844
59085
59323
59556
59786
60011
60233
60450
60663
60872
61076
61277
61473
61664
61852
62035
62213
62388
62557
62722
62883
63039
63191
63338
63480
63618
63751
63880
64003
64123
64237
64347
64451
64552
64647
64737
64823
64904
64980
65051
65117
65179
65235
65287
65334
65376
65413
65445
65472
65494
65511
65524
65531
65534