0
3
6
9
12
15
18
21
25
28
31
34
37
40
43
46
50
53
56
59
62
65
68
71
74
78
81
84
87
90
93
96
99
102
105
108
111
115
118
121
124
127
130
133
136
139
142
145
148
151
154
157
160
163
166
169
172
175
178
180
183
186
189
192
195
198
201
204
207
209
212
215
218
221
224
226
229
232
235
238
240
243
246
249
251
254
257
260
262
265
268
270
273
276
278
281
283
286
289
291
294
296
299
301
304
306
309
311
314
316
319
321
324
326
328
331
333
336
338
340
343
345
347
350
352
354
356
359
361
363
365
367
370
372
374
376
378
380
382
384
386
388
391
393
395
396
398
400
402
404
406
408
410
412
414
415
417
419
421
423
424
426
428
430
431
433
435
436
438
439
441
443
444
446
447
449
450
452
453
455
456
457
459
460
461
463
464
465
467
468
469
470
472
473
474
475
476
477
478
480
481
482
483
484
485
486
487
488
488
489
490
491
492
493
494
494
495
496
497
497
498
499
499
500
501
501
502
502
503
504
504
504
505
505
506
506
507
507
507
508
508
508
509
509
509
509
510
510
510
510
510
510
510
510
510
510
511